# unix_time, cycles_done, cur_path, paths_total, pending_total, pending_favs, map_size, unique_crashes, unique_hangs, max_depth, execs_per_sec
1515991577, 0, 0, 1, 1, 1, 3.22%, 0, 0, 1, 8.02
1515991592, 0, 0, 7, 7, 1, 3.45%, 0, 0, 2, 11.98
1515991597, 0, 0, 13, 13, 1, 3.48%, 0, 0, 2, 10.94
1515991603, 0, 0, 15, 15, 1, 3.48%, 0, 0, 2, 9.73
1515991608, 0, 0, 16, 16, 1, 3.49%, 0, 0, 2, 8.73
1515991613, 0, 0, 19, 19, 1, 3.58%, 0, 0, 2, 7.16
1515991618, 0, 0, 22, 22, 1, 3.70%, 0, 0, 2, 6.50
1515991623, 0, 0, 25, 25, 1, 3.72%, 0, 0, 2, 6.00
1515991629, 0, 0, 29, 29, 1, 3.78%, 0, 0, 2, 5.78
1515991649, 0, 0, 34, 34, 1, 3.84%, 0, 0, 2, 10.53
1515991654, 0, 0, 41, 41, 1, 3.87%, 0, 0, 2, 13.14
1515991659, 0, 0, 44, 44, 1, 3.90%, 0, 0, 2, 13.91
1515991664, 0, 0, 56, 56, 1, 4.39%, 0, 0, 2, 6.18
1515991675, 0, 0, 58, 58, 1, 4.41%, 0, 0, 2, 7.63
1515991680, 0, 0, 62, 62, 1, 4.41%, 0, 0, 2, 7.16
1515991685, 0, 0, 66, 66, 1, 4.42%, 0, 0, 2, 7.31
1515991690, 0, 0, 70, 70, 1, 4.44%, 0, 0, 2, 66.35
1515991695, 0, 0, 74, 74, 1, 4.48%, 0, 0, 2, 34.48
1515991701, 0, 0, 77, 77, 1, 4.48%, 0, 0, 2, 6.10
1515991706, 0, 0, 81, 81, 1, 4.50%, 0, 0, 2, 8.76
1515991711, 0, 0, 82, 82, 1, 4.50%, 0, 0, 2, 10.06
