# unix_time, cycles_done, cur_path, paths_total, pending_total, pending_favs, map_size, unique_crashes, unique_hangs, max_depth, execs_per_sec
1516020244, 0, 0, 1, 1, 1, 3.22%, 0, 0, 1, 10.88
1516020259, 0, 0, 7, 7, 1, 3.45%, 0, 0, 2, 12.29
1516020264, 0, 0, 14, 14, 1, 3.48%, 0, 0, 2, 12.27
1516020269, 0, 0, 15, 15, 1, 3.48%, 0, 0, 2, 12.34
1516020274, 0, 0, 19, 19, 1, 3.58%, 0, 0, 2, 12.18
1516020280, 0, 0, 26, 26, 1, 3.73%, 0, 0, 2, 11.51
1516020285, 0, 0, 29, 29, 1, 3.78%, 0, 0, 2, 11.76
1516020295, 0, 0, 41, 41, 1, 3.87%, 0, 0, 2, 22.83
1516020300, 0, 0, 56, 56, 1, 4.39%, 0, 0, 2, 48.16
1516020305, 0, 0, 57, 57, 1, 4.40%, 0, 0, 2, 20.06
1516020310, 0, 0, 63, 63, 1, 4.41%, 0, 0, 2, 14.03
1516020316, 0, 0, 69, 69, 1, 4.46%, 0, 0, 2, 12.83
1516020321, 0, 0, 75, 75, 1, 4.51%, 0, 0, 2, 50.12
1516020326, 0, 0, 80, 80, 1, 4.51%, 0, 0, 2, 23.00
1516020331, 0, 0, 85, 85, 1, 4.52%, 0, 0, 2, 14.71
1516020336, 0, 0, 86, 86, 1, 4.52%, 0, 0, 2, 12.48
1516020346, 0, 0, 88, 88, 1, 4.52%, 0, 0, 2, 9.84
1516020351, 0, 0, 89, 89, 1, 4.52%, 0, 0, 2, 9.49
1516020362, 0, 0, 90, 90, 1, 4.52%, 0, 0, 2, 8.78
1516020382, 0, 0, 93, 93, 1, 4.52%, 0, 0, 2, 10.10
1516020388, 0, 0, 94, 94, 1, 4.52%, 0, 0, 2, 10.22
1516020393, 0, 0, 95, 95, 1, 4.53%, 0, 0, 2, 10.31
1516020398, 0, 0, 97, 97, 1, 4.53%, 0, 0, 2, 10.21
1516020433, 0, 0, 100, 100, 1, 4.54%, 0, 0, 2, 8.55
1516020444, 0, 0, 106, 106, 1, 4.59%, 0, 0, 2, 11.06
1516020449, 0, 0, 114, 114, 1, 4.60%, 0, 0, 2, 15.85
1516020454, 0, 0, 119, 119, 1, 4.61%, 0, 0, 2, 15.22
1516020459, 0, 0, 124, 124, 1, 4.61%, 0, 0, 2, 12.21
1516020464, 0, 0, 128, 128, 1, 4.61%, 0, 0, 2, 11.24
1516020474, 0, 0, 129, 129, 1, 4.61%, 0, 0, 2, 10.01
1516020510, 0, 0, 130, 130, 1, 4.61%, 0, 0, 2, 9.04
1516020546, 0, 0, 132, 132, 1, 4.61%, 0, 0, 2, 14.38
1516020551, 0, 0, 133, 133, 1, 4.61%, 0, 0, 2, 10.75
1516020597, 0, 0, 134, 134, 1, 4.61%, 0, 0, 2, 8.83
1516020644, 0, 0, 135, 135, 1, 4.61%, 0, 0, 2, 9.37
1516020649, 0, 0, 136, 136, 1, 4.61%, 0, 0, 2, 8.49
1516020700, 0, 0, 137, 137, 1, 4.61%, 0, 0, 2, 10.44
1516020726, 0, 0, 138, 138, 1, 4.61%, 0, 0, 2, 10.60
1516020808, 0, 0, 140, 140, 1, 4.66%, 0, 0, 2, 8.98
1516020813, 0, 0, 141, 141, 1, 4.70%, 0, 0, 2, 8.52
1516020818, 0, 0, 142, 142, 1, 4.73%, 0, 0, 2, 8.03
1516020823, 0, 0, 146, 146, 1, 4.80%, 0, 0, 2, 8.32
1516020829, 0, 0, 148, 148, 1, 4.83%, 0, 0, 2, 7.37
1516020834, 0, 0, 151, 151, 1, 4.83%, 0, 0, 2, 7.08
1516020839, 0, 0, 152, 152, 1, 4.85%, 0, 0, 2, 6.99
1516020844, 0, 0, 155, 155, 1, 4.85%, 0, 0, 2, 7.56
1516020864, 0, 0, 157, 157, 1, 4.85%, 0, 0, 2, 8.76
1516020869, 0, 0, 159, 159, 1, 4.85%, 0, 0, 2, 8.95
1516020875, 0, 0, 161, 161, 1, 4.88%, 0, 0, 2, 9.51
1516020880, 0, 0, 162, 162, 1, 4.88%, 0, 0, 2, 9.87
1516020901, 0, 0, 168, 168, 1, 4.88%, 0, 0, 2, 9.73
1516020906, 0, 0, 170, 170, 1, 4.88%, 0, 0, 2, 9.02
1516020911, 0, 0, 172, 172, 1, 4.88%, 0, 0, 2, 9.79
1516020916, 0, 0, 176, 176, 1, 4.88%, 0, 0, 2, 9.45
1516020931, 0, 0, 178, 178, 1, 4.88%, 0, 0, 2, 8.92
1516020936, 0, 0, 180, 180, 1, 4.89%, 0, 0, 2, 9.36
1516020941, 0, 0, 183, 183, 1, 4.89%, 0, 0, 2, 8.92
1516020946, 0, 0, 185, 185, 1, 4.89%, 0, 0, 2, 8.75
1516020972, 0, 0, 186, 186, 1, 4.89%, 0, 0, 2, 9.51
1516020987, 0, 0, 187, 187, 1, 4.89%, 0, 0, 2, 9.44
1516020993, 0, 0, 189, 189, 1, 4.90%, 0, 0, 2, 9.11
1516020998, 0, 0, 194, 194, 1, 4.93%, 0, 0, 2, 9.32
1516021013, 0, 0, 195, 195, 1, 4.93%, 0, 0, 2, 9.59
1516021018, 0, 0, 196, 196, 1, 4.94%, 0, 0, 2, 8.76
1516021023, 0, 0, 201, 201, 1, 4.99%, 0, 0, 2, 9.58
1516021260, 0, 0, 202, 202, 1, 5.00%, 0, 0, 2, 9.61
1516021265, 0, 0, 203, 203, 1, 5.00%, 0, 0, 2, 9.97
1516023056, 0, 0, 204, 204, 1, 5.01%, 0, 0, 2, 8.65
1516023061, 0, 0, 205, 205, 1, 5.01%, 0, 0, 2, 9.68
1516023317, 0, 0, 206, 206, 1, 5.01%, 0, 0, 2, 9.67
1516023348, 0, 0, 208, 208, 1, 5.01%, 0, 0, 2, 8.38
1516023373, 0, 0, 209, 209, 1, 5.01%, 0, 0, 2, 8.33
1516023548, 0, 0, 210, 210, 1, 5.01%, 0, 0, 2, 9.21
1516023631, 0, 0, 211, 211, 1, 5.01%, 0, 0, 2, 8.89
1516024375, 0, 0, 212, 212, 1, 5.01%, 0, 0, 2, 6.85
1516024381, 0, 0, 214, 214, 1, 5.01%, 0, 0, 2, 6.74
1516024401, 0, 0, 215, 215, 1, 5.01%, 0, 0, 2, 9.44
1516024550, 0, 0, 216, 216, 1, 5.02%, 0, 0, 2, 8.87
1516024561, 0, 0, 217, 217, 1, 5.02%, 0, 0, 2, 9.92
1516024571, 0, 0, 219, 219, 1, 5.02%, 0, 0, 2, 10.28
1516024576, 0, 0, 223, 223, 1, 5.06%, 0, 0, 2, 10.23
1516024581, 0, 0, 227, 227, 1, 5.09%, 0, 0, 2, 9.01
1516024586, 0, 0, 230, 230, 1, 5.09%, 0, 0, 2, 10.11
1516024591, 0, 0, 231, 231, 1, 5.09%, 0, 0, 2, 10.94
1516024596, 0, 0, 233, 233, 1, 5.10%, 0, 0, 2, 10.48
1516024602, 0, 0, 235, 235, 1, 5.10%, 0, 0, 2, 10.10
1516024607, 0, 0, 237, 237, 1, 5.10%, 0, 0, 2, 9.32
1516024612, 0, 0, 239, 239, 1, 5.10%, 0, 0, 2, 10.10
1516024617, 0, 0, 243, 243, 1, 5.11%, 0, 0, 2, 11.59
1516024622, 0, 0, 246, 246, 1, 5.11%, 0, 0, 2, 10.93
1516024627, 0, 0, 249, 249, 1, 5.11%, 0, 0, 2, 10.13
1516024638, 0, 0, 251, 251, 1, 5.11%, 0, 0, 2, 10.37
1516024643, 0, 0, 255, 255, 1, 5.11%, 0, 0, 2, 11.25
1516024653, 0, 0, 256, 256, 1, 5.11%, 0, 0, 2, 10.53
1516024669, 0, 0, 258, 258, 1, 5.11%, 0, 0, 2, 10.67
1516024684, 0, 0, 260, 260, 1, 5.11%, 0, 0, 2, 9.90
1516024694, 0, 0, 261, 261, 1, 5.11%, 0, 0, 2, 10.29
1516024699, 0, 0, 262, 262, 1, 5.11%, 0, 0, 2, 9.31
1516024710, 0, 0, 263, 263, 1, 5.11%, 0, 0, 2, 10.03
1516024715, 0, 0, 265, 265, 1, 5.11%, 0, 0, 2, 10.05
1516024746, 0, 0, 266, 266, 1, 5.12%, 0, 0, 2, 10.24
1516024751, 0, 0, 272, 272, 1, 5.13%, 0, 0, 2, 10.26
1516024756, 0, 0, 274, 274, 1, 5.15%, 0, 0, 2, 10.34
1516024767, 0, 0, 275, 275, 1, 5.15%, 0, 0, 2, 10.34
